roi_info:
  center_l: 36.095533970404205
  center_b: -0.03346050822167399
  roi_x: 2.0
  roi_y: 5.0
  total_sources_detected: 11
  sources_in_roi: 5
sources:
- name: Drip0
  ra: 284.323362993651
  dec: 2.829916658541726
  ext: 0.15
  circle_radius_deg: 0.15
  sigma_radius: 0.09899717446106998
- name: Drip1
  ra: 284.51925345123027
  dec: 2.0675420188405425
  ext: 0.15
  circle_radius_deg: 0.15
  sigma_radius: 0.09899717446106998
- name: Drip2
  ra: 285.26283747139166
  dec: 4.059520842776649
  ext: 0.15
  circle_radius_deg: 0.15
  sigma_radius: 0.09899717446106998
- name: Drip3
  ra: 284.6819182974375
  dec: 3.3205588953881247
  ext: 0.5
  circle_radius_deg: 0.5
  sigma_radius: 0.3299905815368999
- name: Drip4
  ra: 283.4701361528909
  dec: 1.325426240798359
  ext: 0.8
  circle_radius_deg: 0.8
  sigma_radius: 0.5279849304590399
